0 1 0 0 12.0180 0.5000
5 1 0 0 11.8500 0.4995
10 1 0 0 11.8860 0.4686
15 1 0 0 12.1000 0.4813
20 1 0 0 11.7310 0.4783
25 1 0 0 11.8190 0.5000
30 1 0 0 12.8650 0.4601
35 1 0 0 11.8620 0.4648
40 1 0 0 12.1610 0.4534
45 1 0 0 12.0400 0.4922
50 0 1 0 6.6170 0.0000
55 1 0 0 11.6870 0.5000
60 1 0 0 11.7930 0.4705
65 1 0 0 11.8200 0.5000
70 1 0 0 11.3540 0.4743
75 1 0 0 11.7770 0.4492
80 1 0 0 11.8300 0.4647
85 1 0 0 12.7780 0.4279
90 1 0 0 11.6740 0.4729
95 1 0 0 11.6590 0.4507
100 1 0 0 12.2190 0.4451
105 1 0 0 14.3170 0.3869
110 1 0 0 12.1750 0.4780
115 1 0 0 11.8870 0.4692
120 1 0 0 12.4670 0.4616
125 1 0 0 11.5750 0.4765
130 1 0 0 11.7170 0.4764
135 1 0 0 11.9600 0.4486
140 1 0 0 12.6380 0.4299
145 1 0 0 11.9440 0.4585
150 0 1 0 5.4080 0.0000
155 1 0 0 12.0240 0.4514
160 1 0 0 11.4460 0.4945
165 1 0 0 12.6720 0.4388
170 1 0 0 12.0320 0.5000
175 1 0 0 12.5900 0.4591
180 1 0 0 12.1410 0.4665
185 1 0 0 12.0200 0.4610
190 1 0 0 12.3280 0.4508
195 1 0 0 12.2320 0.4520
200 1 0 0 11.8630 0.4493
205 1 0 0 12.2740 0.4512
210 1 0 0 12.6020 0.4165
215 1 0 0 12.3190 0.4510
220 1 0 0 12.4250 0.4526
225 1 0 0 11.8190 0.4598
230 1 0 0 12.3030 0.4575
235 1 0 0 12.3970 0.4493
240 1 0 0 12.2420 0.5000
245 1 0 0 14.3350 0.3929
250 1 0 0 11.5770 0.4555
255 1 0 0 11.9950 0.4782
260 1 0 0 13.2390 0.4397
265 1 0 0 13.6010 0.4638
270 1 0 0 12.8850 0.4586
275 1 0 0 22.0280 0.2473
280 0 1 0 6.5710 0.0000
285 1 0 0 12.1790 0.4567
290 1 0 0 12.2340 0.4749
295 0 1 0 9.4890 0.0000

success : 56/60
score: 0.458
