0 1 0 0 12.3270 0.5000
5 1 0 0 12.3690 0.4835
10 1 0 0 11.9740 0.4639
15 1 0 0 12.6820 0.4559
20 1 0 0 11.7940 0.4752
25 1 0 0 11.6700 0.5000
30 1 0 0 12.8160 0.4637
35 1 0 0 11.8490 0.4667
40 1 0 0 12.8700 0.4224
45 1 0 0 11.3220 0.5000
50 1 0 0 12.0500 0.5000
55 1 0 0 11.8160 0.5000
60 1 0 0 12.0660 0.4542
65 1 0 0 12.0200 0.5000
70 1 0 0 11.9200 0.4504
75 1 0 0 12.2710 0.4394
80 0 1 0 7.5990 0.0000
85 0 1 0 7.2380 0.0000
90 1 0 0 12.1520 0.4633
95 1 0 0 11.4350 0.4546
100 1 0 0 12.6500 0.4285
105 0 1 0 6.9100 0.0000
110 1 0 0 12.1400 0.4794
115 1 0 0 11.8060 0.4629
120 1 0 0 12.5970 0.4501
125 1 0 0 12.0860 0.4568
130 1 0 0 12.0380 0.4638
135 1 0 0 12.9120 0.4153
140 1 0 0 12.9370 0.4199
145 1 0 0 12.2170 0.4463
150 0 1 0 14.5400 0.0000
155 1 0 0 12.0400 0.4430
160 1 0 0 11.6700 0.4859
165 1 0 0 12.3460 0.4495
170 1 0 0 11.5980 0.5000
175 1 0 0 12.9320 0.4435
180 1 0 0 12.9580 0.4408
185 1 0 0 12.5120 0.4509
190 1 0 0 12.0710 0.4531
195 1 0 0 12.6740 0.4333
200 1 0 0 11.8450 0.4490
205 1 0 0 12.7200 0.4401
210 1 0 0 12.6420 0.4176
215 1 0 0 13.0700 0.4253
220 1 0 0 12.8260 0.4378
225 1 0 0 11.6100 0.4670
230 1 0 0 12.9650 0.4364
235 1 0 0 12.3620 0.4515
240 1 0 0 12.5880 0.5000
245 1 0 0 19.9340 0.2813
250 1 0 0 12.0490 0.4375
255 1 0 0 12.5950 0.4589
260 1 0 0 12.4580 0.4525
265 1 0 0 13.7390 0.4593
270 1 0 0 12.9760 0.4489
275 1 0 0 15.0640 0.3674
280 0 1 0 6.0980 0.0000
285 1 0 0 12.8600 0.4312
290 1 0 0 13.1870 0.4375
295 0 1 0 11.3110 0.0000

success: 54/60
score: 0.45
