0 1 0 0 13.8930 0.4906
5 1 0 0 11.8120 0.5000
10 1 0 0 12.1670 0.4567
15 1 0 0 12.0670 0.4822
20 1 0 0 11.8470 0.4734
25 1 0 0 12.3290 0.4819
30 1 0 0 12.5440 0.4740
35 1 0 0 12.0840 0.4566
40 1 0 0 12.0000 0.4495
45 1 0 0 11.7520 0.5000
50 1 0 0 12.0160 0.5000
55 1 0 0 11.6010 0.5000
60 1 0 0 11.6920 0.4628
65 1 0 0 11.7040 0.5000
70 1 0 0 11.8060 0.4571
75 1 0 0 11.6460 0.4572
80 0 1 0 6.0600 0.0000
85 1 0 0 13.1840 0.4159
90 1 0 0 11.7550 0.4701
95 1 0 0 11.9900 0.4379
100 1 0 0 12.0880 0.4503
105 1 0 0 12.7350 0.4407
110 1 0 0 11.7010 0.4967
115 1 0 0 12.1980 0.4606
120 1 0 0 12.3260 0.4617
125 1 0 0 11.8350 0.4657
130 1 0 0 11.7660 0.4747
135 1 0 0 12.5530 0.4212
140 1 0 0 12.4080 0.4370
145 1 0 0 11.9090 0.4602
150 0 1 0 8.3490 0.0000
155 1 0 0 11.7070 0.4589
160 1 0 0 11.5050 0.4869
165 1 0 0 12.3720 0.4468
170 1 0 0 11.8890 0.5000
175 1 0 0 12.4060 0.4667
180 1 0 0 12.3770 0.4603
185 1 0 0 12.2210 0.4591
190 1 0 0 11.9680 0.4546
195 1 0 0 12.3150 0.4478
200 1 0 0 11.5280 0.4632
205 1 0 0 12.0790 0.4532
210 1 0 0 12.8110 0.4138
215 1 0 0 12.6780 0.4387
220 1 0 0 13.6060 0.4180
225 1 0 0 12.3050 0.4420
230 1 0 0 12.4510 0.4522
235 1 0 0 12.4850 0.4458
240 1 0 0 12.1960 0.5000
245 1 0 0 17.3140 0.3237
250 1 0 0 11.9130 0.4412
255 1 0 0 12.3050 0.4671
260 1 0 0 13.2260 0.4362
265 1 0 0 13.7920 0.4566
270 1 0 0 12.2700 0.4766
275 1 0 0 21.2570 0.2541
280 1 0 0 14.0920 0.4508
285 1 0 0 12.1510 0.4568
290 1 0 0 12.0960 0.4770
295 1 0 0 12.8370 0.4417
1 1 0 0 12.2170 0.5000
2 1 0 0 12.0440 0.5000
3 1 0 0 11.8670 0.5000
9 1 0 0 11.5480 0.4968
23 1 0 0 12.5130 0.4619
26 1 0 0 12.3410 0.4648
27 1 0 0 12.0150 0.4830
33 1 0 0 13.3230 0.4721
36 1 0 0 12.1440 0.4354
42 1 0 0 11.9240 0.4783
47 1 0 0 11.6430 0.4572
62 1 0 0 12.1910 0.4827
68 1 0 0 11.6280 0.5000
76 1 0 0 11.9980 0.4439
78 1 0 0 12.1570 0.5000
83 1 0 0 11.8410 0.5000
87 1 0 0 11.5800 0.4718
99 1 0 0 12.8320 0.4437
101 1 0 0 12.3560 0.4117
102 1 0 0 12.6860 0.4180
107 1 0 0 12.7770 0.4645
113 1 0 0 12.0020 0.4748
117 1 0 0 13.7450 0.4343
118 1 0 0 12.0760 0.4686
122 1 0 0 11.8610 0.4852
124 1 0 0 12.4410 0.5000
131 1 0 0 12.5680 0.5000
133 1 0 0 11.7880 0.4578
134 1 0 0 11.9760 0.4534
138 1 0 0 13.4080 0.5000
142 1 0 0 12.0020 0.4599
146 1 0 0 12.0610 0.4782
147 1 0 0 11.6950 0.4755
149 1 0 0 11.9880 0.5000
154 1 0 0 11.7280 0.4546
156 1 0 0 11.8730 0.4420
159 1 0 0 11.8600 0.4754
162 1 0 0 11.7910 0.4600
164 1 0 0 11.8470 0.5000
173 1 0 0 11.9010 0.4408
178 1 0 0 12.1440 0.4478
181 1 0 0 12.4220 0.4890
184 1 0 0 12.4260 0.4946
186 1 0 0 11.8860 0.4989
187 1 0 0 12.1830 0.4535
188 1 0 0 12.6450 0.4410
191 0 1 0 6.1320 0.0000
197 1 0 0 18.1110 0.3045
201 1 0 0 12.4650 0.5000
207 1 0 0 15.3120 0.3616
208 1 0 0 11.6560 0.5000
209 1 0 0 14.1010 0.4067
212 1 0 0 12.0720 0.4585
214 1 0 0 12.5560 0.4752
216 1 0 0 12.0020 0.4644
218 1 0 0 11.8520 0.4692
221 1 0 0 12.8160 0.4808
224 1 0 0 13.1970 0.4148
228 1 0 0 12.2730 0.5000
231 1 0 0 13.8110 0.4228
234 1 0 0 11.9210 0.4505
239 1 0 0 12.1020 0.5000
248 1 0 0 12.0820 0.4547
249 1 0 0 12.5330 0.4495
251 1 0 0 11.6250 0.4666
253 1 0 0 11.8490 0.4501
281 1 0 0 13.6450 0.4584
283 0 1 0 60.5720 0.0000
284 0 1 0 7.6490 0.0000
293 1 0 0 12.5550 0.4546
298 1 0 0 12.7190 0.4505
299 0 1 0 7.4310 0.0000
