0 1 0 0 16.6530 0.4133
5 1 0 0 11.7140 0.5000
10 1 0 0 14.0880 0.3942
15 1 0 0 18.2510 0.3140
20 0 1 0 6.2030 0.0000
25 1 0 0 16.7920 0.3560
30 1 0 0 16.3640 0.3618
35 1 0 0 15.4160 0.3582
40 1 0 0 20.5450 0.2675
45 1 0 0 12.5430 0.4784
50 0 1 0 7.1390 0.0000
55 1 0 0 19.7370 0.3092
60 1 0 0 14.0160 0.3869
65 1 0 0 13.9960 0.4326
70 1 0 0 15.8630 0.3487
75 1 0 0 17.5390 0.3019
80 0 1 0 6.6620 0.0000
85 1 0 0 14.1160 0.3830
90 1 0 0 12.2330 0.4540
95 1 0 0 11.6970 0.4476
100 1 0 0 14.1970 0.3780
105 0 1 0 5.4160 0.0000
110 1 0 0 17.8750 0.3271
115 1 0 0 14.5770 0.3786
120 1 0 0 16.6490 0.3422
125 1 0 0 13.2200 0.4198
130 1 0 0 18.4310 0.3026
135 1 0 0 14.8990 0.3572
140 1 0 0 13.6260 0.3979
145 0 0 1 100.0820 0.0000
150 1 0 0 16.0450 0.3374
155 1 0 0 13.5300 0.3947
160 1 0 0 14.4040 0.3945
165 1 0 0 14.9300 0.3652
170 1 0 0 12.8660 0.4758
175 1 0 0 14.9150 0.3852
180 1 0 0 13.9320 0.4124
185 1 0 0 16.4330 0.3378
190 1 0 0 15.8220 0.3512
195 1 0 0 16.3520 0.3353
200 1 0 0 13.5850 0.3907
205 1 0 0 17.0510 0.3213
210 1 0 0 13.2680 0.4000
215 0 1 0 14.6860 0.0000
220 1 0 0 16.3760 0.3443
225 1 0 0 13.6360 0.3952
230 1 0 0 14.5070 0.3882
235 0 1 0 5.1790 0.0000
240 1 0 0 17.3630 0.3683
245 0 1 0 7.7240 0.0000
250 1 0 0 15.0280 0.3515
255 0 1 0 7.4070 0.0000
260 0 1 0 9.6590 0.0000
265 0 1 0 14.2080 0.0000
270 0 0 1 100.0180 0.0000
275 0 1 0 3.8850 0.0000
280 0 1 0 7.5790 0.0000
285 1 0 0 16.2360 0.3434
290 0 1 0 4.5230 0.0000
295 0 1 0 3.8570 0.0000
