0 1 0 0 12.2890 0.5000
5 1 0 0 11.8250 0.4958
10 1 0 0 12.0600 0.4615
15 1 0 0 12.5560 0.4618
20 1 0 0 12.8640 0.4364
25 1 0 0 12.2660 0.4916
30 0 1 0 9.8670 0.0000
35 1 0 0 12.0410 0.4581
40 1 0 0 12.7760 0.4326
45 1 0 0 12.2090 0.4861
50 1 0 0 12.4030 0.4939
55 0 0 1 100.0670 0.0000
60 1 0 0 11.8200 0.4691
65 1 0 0 11.8310 0.5000
70 1 0 0 12.4080 0.4410
75 1 0 0 12.4320 0.4298
80 1 0 0 35.4370 0.1595
85 1 0 0 11.9490 0.4498
90 1 0 0 12.5650 0.4407
95 1 0 0 11.7350 0.4431
100 1 0 0 12.7460 0.4234
105 1 0 0 13.1570 0.4216
110 1 0 0 11.8280 0.4943
115 1 0 0 12.5720 0.4352
120 1 0 0 12.8130 0.4515
125 1 0 0 12.0280 0.4590
130 1 0 0 12.2080 0.4580
135 1 0 0 12.2890 0.4333
140 1 0 0 12.5210 0.4350
145 1 0 0 12.3000 0.4426
150 1 0 0 12.2410 0.4420
155 1 0 0 12.3330 0.4343
160 1 0 0 12.2720 0.4558
165 1 0 0 12.2590 0.4441
170 1 0 0 12.3460 0.4944
175 1 0 0 12.6850 0.4539
180 1 0 0 12.8720 0.4390
185 1 0 0 13.3240 0.4242
190 1 0 0 12.2270 0.4500
195 1 0 0 12.9190 0.4273
200 1 0 0 11.8420 0.4547
205 1 0 0 12.3730 0.4508
210 1 0 0 11.6180 0.4509
215 1 0 0 13.0880 0.4252
220 1 0 0 12.9930 0.4332
225 1 0 0 12.4360 0.4349
230 1 0 0 12.9350 0.4350
235 0 1 0 3.1380 0.0000
240 1 0 0 12.5390 0.5000
245 1 0 0 14.8250 0.3742
250 1 0 0 11.8850 0.4421
255 1 0 0 13.0200 0.4408
260 1 0 0 12.9570 0.4410
265 1 0 0 13.7100 0.4597
270 1 0 0 12.2690 0.4753
275 0 1 0 4.6040 0.0000
280 0 0 1 100.0860 0.0000
285 1 0 0 12.7740 0.4357
290 1 0 0 13.1190 0.4400
295 0 1 0 3.4620 0.0000
1 1 0 0 12.9380 0.4764
2 1 0 0 12.6610 0.4990
3 1 0 0 12.3920 0.4800
9 1 0 0 12.6920 0.4598
23 1 0 0 12.0930 0.4771
26 1 0 0 12.0980 0.4759
27 1 0 0 11.8650 0.4891
33 1 0 0 14.0900 0.4448
36 1 0 0 12.4170 0.4233
42 1 0 0 12.0570 0.4684
47 1 0 0 12.0420 0.4422
62 1 0 0 12.9070 0.4554
68 1 0 0 12.1550 0.4825
76 1 0 0 11.9090 0.4472
78 1 0 0 12.5210 0.5000
83 0 1 0 7.1440 0.0000
87 1 0 0 11.6040 0.4807
99 0 0 1 100.0290 0.0000
101 1 0 0 12.3500 0.4103
102 1 0 0 12.8290 0.4141
107 0 1 0 3.2410 0.0000
113 0 1 0 7.1790 0.0000
117 1 0 0 14.0370 0.4266
118 0 1 0 4.0670 0.0000
122 1 0 0 12.3460 0.4628
124 1 0 0 13.1990 0.4850
131 1 0 0 13.0020 0.5000
133 1 0 0 12.0000 0.4491
134 1 0 0 12.2890 0.4394
138 0 1 0 5.3670 0.0000
142 1 0 0 12.3090 0.4542
146 0 1 0 5.2180 0.0000
147 1 0 0 12.4660 0.4427
149 1 0 0 12.2500 0.4977
154 1 0 0 11.9340 0.4454
156 1 0 0 11.9850 0.4329
159 1 0 0 11.8480 0.4743
162 1 0 0 12.0700 0.4483
164 1 0 0 12.6390 0.4951
173 1 0 0 12.9770 0.4031
178 1 0 0 12.1860 0.4473
181 1 0 0 12.1030 0.5000
184 1 0 0 13.2810 0.4614
186 1 0 0 13.9570 0.4252
187 1 0 0 12.4980 0.4384
188 1 0 0 12.9110 0.4328
191 0 1 0 6.6000 0.0000
197 1 0 0 19.1970 0.2889
201 1 0 0 12.2470 0.5000
207 1 0 0 19.0160 0.2887
208 1 0 0 12.1230 0.4881
209 0 1 0 3.5080 0.0000
212 1 0 0 12.4330 0.4505
214 0 1 0 7.6510 0.0000
216 0 1 0 6.2840 0.0000
218 1 0 0 12.7530 0.4378
221 1 0 0 12.2240 0.5000
224 1 0 0 12.3730 0.4367
228 1 0 0 12.8990 0.4865
231 0 1 0 7.3370 0.0000
234 1 0 0 11.9360 0.4500
239 1 0 0 12.9420 0.5000
248 1 0 0 12.2970 0.4480
249 1 0 0 12.5730 0.4489
251 1 0 0 12.1130 0.4479
253 1 0 0 11.9920 0.4435
281 1 0 0 17.7330 0.3529
283 0 1 0 7.0670 0.0000
284 1 0 0 12.7850 0.4295
293 1 0 0 12.4000 0.4661
298 1 0 0 13.7250 0.4153
299 1 0 0 13.8300 0.3903
