0 1 0 0 11.9700 0.5000
5 1 0 0 11.8330 0.5000
10 1 0 0 11.9380 0.4664
15 1 0 0 11.9200 0.4893
20 1 0 0 11.6560 0.4827
25 1 0 0 11.8590 0.5000
30 1 0 0 12.1920 0.4861
35 1 0 0 11.8720 0.4644
40 1 0 0 11.9740 0.4554
45 1 0 0 12.6490 0.4684
50 1 0 0 11.8150 0.5000
55 1 0 0 11.9020 0.5000
60 1 0 0 11.8400 0.4642
65 1 0 0 11.8750 0.5000
70 1 0 0 12.0090 0.4545
75 1 0 0 11.7410 0.4508
80 1 0 0 81.0450 0.1250
85 1 0 0 13.3170 0.4038
90 1 0 0 11.9200 0.4658
95 1 0 0 11.6850 0.4457
100 1 0 0 12.4300 0.4307
105 1 0 0 14.2260 0.3906
110 1 0 0 11.9590 0.4874
115 1 0 0 11.8860 0.4700
120 1 0 0 12.1300 0.4634
125 1 0 0 11.8390 0.4668
130 1 0 0 11.5350 0.4848
135 1 0 0 12.2100 0.4396
140 1 0 0 12.5100 0.4352
145 1 0 0 11.4020 0.4807
150 1 0 0 20.3420 0.2702
155 1 0 0 11.8800 0.4497
160 1 0 0 11.9350 0.4720
165 1 0 0 11.8320 0.4599
170 1 0 0 11.9140 0.5000
175 1 0 0 12.7680 0.4552
180 1 0 0 12.1000 0.4665
185 1 0 0 16.5090 0.3429
190 1 0 0 12.1270 0.4569
195 1 0 0 11.8820 0.4606
200 1 0 0 11.8110 0.4498
205 1 0 0 12.0150 0.4593
210 1 0 0 12.1400 0.4387
215 1 0 0 12.3640 0.4494
220 1 0 0 13.1670 0.4324
225 1 0 0 12.0530 0.4474
230 1 0 0 12.4320 0.4539
235 1 0 0 12.2200 0.4556
240 1 0 0 12.1190 0.5000
245 1 0 0 16.3910 0.3421
250 1 0 0 11.7840 0.4475
255 1 0 0 12.1730 0.4720
260 1 0 0 12.7500 0.4490
265 1 0 0 13.6260 0.4622
270 1 0 0 12.0690 0.4838
275 0 1 0 5.8650 0.0000
280 1 0 0 13.5490 0.4733
285 1 0 0 12.1510 0.4604
290 1 0 0 12.1600 0.4787
295 0 1 0 5.3100 0.0000

success: 58/60
score: 0.45
