0 1 0 0 12.4890 0.5000
5 1 0 0 11.8660 0.4984
10 1 0 0 12.1490 0.4582
15 1 0 0 12.3140 0.4724
20 1 0 0 11.8440 0.4764
25 1 0 0 12.1900 0.4878
30 1 0 0 12.9880 0.4566
35 1 0 0 11.5360 0.4779
40 1 0 0 12.3110 0.4468
45 1 0 0 11.5830 0.5000
50 1 0 0 11.7950 0.5000
55 1 0 0 11.7440 0.5000
60 1 0 0 11.8580 0.4658
65 1 0 0 11.9670 0.5000
70 1 0 0 12.3280 0.4371
75 1 0 0 11.7320 0.4593
80 1 0 0 12.1430 0.4599
85 1 0 0 13.3130 0.4052
90 1 0 0 12.1980 0.4559
95 1 0 0 11.6660 0.4501
100 1 0 0 11.8230 0.4530
105 1 0 0 12.6130 0.4366
110 1 0 0 12.1080 0.4791
115 1 0 0 11.7230 0.4751
120 1 0 0 12.5850 0.4585
125 1 0 0 11.3690 0.4881
130 1 0 0 12.1370 0.4595
135 1 0 0 12.3130 0.4368
140 1 0 0 12.8900 0.4223
145 1 0 0 11.7920 0.4599
150 0 1 0 7.3980 0.0000
155 1 0 0 11.7090 0.4591
160 1 0 0 11.7180 0.4791
165 1 0 0 12.0900 0.4488
170 1 0 0 11.7470 0.5000
175 1 0 0 12.5930 0.4589
180 1 0 0 12.4780 0.4581
185 1 0 0 11.7980 0.4696
190 1 0 0 12.0990 0.4607
195 1 0 0 12.0560 0.4568
200 1 0 0 11.7780 0.4511
205 1 0 0 12.3500 0.4478
210 1 0 0 12.0460 0.4366
215 1 0 0 12.2710 0.4527
220 1 0 0 15.5220 0.3629
225 1 0 0 12.1900 0.4414
230 1 0 0 12.0910 0.4654
235 1 0 0 12.2000 0.4567
240 1 0 0 12.4600 0.5000
245 1 0 0 13.7100 0.4051
250 1 0 0 11.6210 0.4520
255 1 0 0 12.1540 0.4731
260 1 0 0 13.4080 0.4232
265 1 0 0 13.7360 0.4599
270 0 1 0 4.9610 0.0000
275 1 0 0 22.0380 0.2465
280 0 1 0 6.0410 0.0000
285 1 0 0 12.7790 0.4396
290 1 0 0 12.4310 0.4640
295 1 0 0 12.7990 0.4328
1 1 0 0 12.3540 0.5000
2 1 0 0 11.9170 0.5000
3 1 0 0 11.3950 0.5000
9 1 0 0 11.8580 0.4898
23 1 0 0 11.8850 0.4861
26 1 0 0 12.4690 0.4608
27 1 0 0 11.8870 0.4887
33 1 0 0 12.8920 0.4856
36 1 0 0 11.3400 0.4645
42 1 0 0 11.7410 0.4811
47 1 0 0 11.8770 0.4455
62 1 0 0 12.4130 0.4734
68 1 0 0 11.9230 0.4922
76 1 0 0 13.3420 0.3988
78 1 0 0 12.2710 0.5000
83 1 0 0 12.6460 0.5000
87 1 0 0 11.7680 0.4756
99 1 0 0 12.9790 0.4360
101 1 0 0 11.7730 0.4331
102 1 0 0 12.7110 0.4220
107 1 0 0 11.9290 0.4980
113 1 0 0 12.1420 0.4702
117 1 0 0 12.4880 0.4782
118 1 0 0 12.2340 0.4664
122 1 0 0 11.7730 0.4880
124 1 0 0 12.4970 0.5000
131 1 0 0 11.8160 0.5000
133 1 0 0 11.4920 0.4709
134 1 0 0 11.9240 0.4510
138 1 0 0 13.6930 0.4808
142 1 0 0 11.9260 0.4677
146 1 0 0 12.7640 0.4510
147 1 0 0 11.6990 0.4722
149 1 0 0 11.9150 0.5000
154 1 0 0 11.8360 0.4491
156 1 0 0 11.8140 0.4381
159 1 0 0 12.0570 0.4671
162 1 0 0 11.9930 0.4536
164 1 0 0 11.9670 0.5000
173 1 0 0 11.9790 0.4358
178 1 0 0 12.3490 0.4405
181 1 0 0 12.3310 0.4909
184 1 0 0 12.2930 0.4982
186 1 0 0 12.9620 0.4579
187 1 0 0 11.9040 0.4651
188 1 0 0 12.4880 0.4447
191 1 0 0 12.6980 0.4786
197 1 0 0 18.2800 0.3007
201 1 0 0 12.7330 0.5000
207 1 0 0 16.7150 0.3251
208 1 0 0 11.7490 0.5000
209 1 0 0 11.9530 0.4837
212 1 0 0 11.8710 0.4664
214 1 0 0 14.8300 0.3987
216 0 1 0 4.7330 0.0000
218 1 0 0 11.8050 0.4793
221 1 0 0 12.2410 0.5000
224 1 0 0 13.0960 0.4258
228 1 0 0 11.9810 0.5000
231 1 0 0 14.4580 0.4039
234 1 0 0 12.3490 0.4372
239 1 0 0 12.4820 0.5000
248 1 0 0 12.0280 0.4600
249 1 0 0 12.6300 0.4472
251 1 0 0 11.6660 0.4601
253 1 0 0 11.9610 0.4421
281 1 0 0 13.9960 0.4466
283 0 1 0 7.9260 0.0000
284 0 1 0 8.7620 0.0000
293 1 0 0 12.5120 0.4542
298 1 0 0 12.9190 0.4456
299 0 1 0 8.3380 0.0000
