0 0 1 0 5.1340 0.0000
5 1 0 0 12.5290 0.4798
10 1 0 0 11.8720 0.4675
15 1 0 0 11.9230 0.4881
20 1 0 0 11.7650 0.4767
25 1 0 0 11.7140 0.5000
30 1 0 0 13.3150 0.4449
35 1 0 0 11.4930 0.4798
40 1 0 0 11.8340 0.4611
45 1 0 0 12.7500 0.4707
50 0 1 0 6.5000 0.0000
55 1 0 0 11.7640 0.5000
60 1 0 0 11.7270 0.4696
65 1 0 0 12.1410 0.4968
70 1 0 0 12.3460 0.4455
75 1 0 0 12.3770 0.4313
80 0 1 0 4.8020 0.0000
85 1 0 0 14.0030 0.3915
90 1 0 0 12.3640 0.4460
95 1 0 0 11.2270 0.4625
100 1 0 0 12.0740 0.4448
105 0 1 0 6.5920 0.0000
110 1 0 0 12.1750 0.4796
115 1 0 0 11.9740 0.4696
120 1 0 0 12.6970 0.4512
125 1 0 0 12.4610 0.4433
130 1 0 0 12.6540 0.4408
135 1 0 0 12.4050 0.4325
140 1 0 0 12.4950 0.4339
145 1 0 0 12.1480 0.4511
150 0 1 0 10.7780 0.0000
155 1 0 0 12.1080 0.4473
160 1 0 0 11.7400 0.4775
165 1 0 0 12.1680 0.4567
170 1 0 0 11.5080 0.5000
175 1 0 0 12.4950 0.4604
180 1 0 0 13.1320 0.4308
185 1 0 0 13.0720 0.4340
190 1 0 0 12.2910 0.4424
195 1 0 0 12.1960 0.4486
200 1 0 0 12.0360 0.4432
205 1 0 0 12.9070 0.4314
210 1 0 0 11.8010 0.4475
215 1 0 0 12.3500 0.4498
220 1 0 0 13.0150 0.4321
225 1 0 0 12.0880 0.4481
230 1 0 0 12.7120 0.4430
235 1 0 0 12.8000 0.4351
240 1 0 0 12.0200 0.5000
245 1 0 0 17.0340 0.3258
250 1 0 0 11.9800 0.4384
255 1 0 0 12.6060 0.4550
260 1 0 0 12.8560 0.4484
265 1 0 0 13.6000 0.4630
270 1 0 0 12.9080 0.4553
275 1 0 0 24.3930 0.2219
280 0 1 0 5.6670 0.0000
285 1 0 0 12.4940 0.4520
290 1 0 0 12.5220 0.4600
295 0 1 0 4.4020 0.0000
1 1 0 0 12.6250 0.4986
2 1 0 0 12.3190 0.5000
3 1 0 0 11.5790 0.5000
9 1 0 0 11.5010 0.4992
23 1 0 0 11.6840 0.4938
26 1 0 0 12.3740 0.4608
27 1 0 0 11.9220 0.4867
33 1 0 0 14.2780 0.4397
36 1 0 0 11.3950 0.4646
42 1 0 0 11.5620 0.4944
47 0 1 0 6.5510 0.0000
62 1 0 0 12.8890 0.4568
68 1 0 0 11.3040 0.5000
76 1 0 0 12.6860 0.4219
78 1 0 0 12.1740 0.5000
83 1 0 0 11.9320 0.5000
87 1 0 0 11.9360 0.4605
99 1 0 0 14.5340 0.3891
101 1 0 0 11.5570 0.4343
102 1 0 0 12.9780 0.4119
107 1 0 0 12.1620 0.4879
113 1 0 0 12.5550 0.4545
117 1 0 0 12.9480 0.4649
118 1 0 0 13.5600 0.4302
122 1 0 0 11.4710 0.4980
124 1 0 0 12.4730 0.5000
131 1 0 0 12.2380 0.5000
133 1 0 0 12.5720 0.4292
134 1 0 0 12.2180 0.4433
138 1 0 0 13.5240 0.4883
142 1 0 0 12.7040 0.4393
146 0 1 0 4.3100 0.0000
147 1 0 0 11.9700 0.4658
149 1 0 0 11.9350 0.5000
154 1 0 0 11.9090 0.4471
156 1 0 0 12.2310 0.4340
159 1 0 0 12.8020 0.4434
162 1 0 0 12.2460 0.4419
164 1 0 0 12.2500 0.5000
173 1 0 0 12.5760 0.4148
178 1 0 0 12.1430 0.4472
181 1 0 0 12.5510 0.4824
184 1 0 0 12.5490 0.4900
186 1 0 0 12.6750 0.4685
187 1 0 0 12.2500 0.4473
188 1 0 0 12.9840 0.4285
191 0 1 0 6.8880 0.0000
197 1 0 0 20.5830 0.2655
201 1 0 0 12.6110 0.5000
207 1 0 0 19.1920 0.2879
208 1 0 0 12.0140 0.4936
209 0 1 0 4.1990 0.0000
212 1 0 0 12.5990 0.4413
214 0 1 0 3.6670 0.0000
216 0 1 0 4.9960 0.0000
218 1 0 0 12.3210 0.4495
221 1 0 0 12.5720 0.4883
224 1 0 0 12.9770 0.4201
228 1 0 0 12.5120 0.5000
231 0 1 0 7.6510 0.0000
234 1 0 0 11.8610 0.4529
239 1 0 0 13.0340 0.5000
248 1 0 0 12.2300 0.4576
249 1 0 0 12.6790 0.4460
251 1 0 0 12.0740 0.4496
253 1 0 0 12.4840 0.4280
281 1 0 0 15.6660 0.3996
283 0 1 0 6.1770 0.0000
284 1 0 0 12.9430 0.4208
293 1 0 0 12.6510 0.4502
298 0 1 0 0.0220 0.0000
299 0 1 0 5.9900 0.0000
