0 1 0 0 12.6510 0.5000
5 1 0 0 12.0520 0.4888
10 1 0 0 11.9400 0.4665
15 1 0 0 12.5480 0.4594
20 1 0 0 12.1390 0.4632
25 1 0 0 11.6140 0.5000
30 1 0 0 13.1840 0.4506
35 1 0 0 11.8160 0.4668
40 1 0 0 11.7050 0.4648
45 1 0 0 12.8870 0.4630
50 1 0 0 12.2720 0.5000
55 1 0 0 11.8740 0.5000
60 1 0 0 11.9190 0.4556
65 1 0 0 11.9370 0.5000
70 1 0 0 12.2160 0.4478
75 1 0 0 11.9360 0.4496
80 1 0 0 12.0740 0.4569
85 1 0 0 12.1710 0.4434
90 1 0 0 12.0540 0.4612
95 1 0 0 11.8940 0.4407
100 1 0 0 12.3140 0.4395
105 1 0 0 12.9840 0.4306
110 1 0 0 12.1240 0.4805
115 1 0 0 12.0740 0.4519
120 1 0 0 12.5910 0.4508
125 1 0 0 12.1580 0.4531
130 1 0 0 11.9910 0.4654
135 1 0 0 12.2510 0.4372
140 1 0 0 12.2650 0.4434
145 1 0 0 11.9870 0.4563
150 0 1 0 5.6650 0.0000
155 1 0 0 11.8780 0.4518
160 1 0 0 11.8250 0.4751
165 1 0 0 12.0380 0.4484
170 1 0 0 12.0130 0.5000
175 1 0 0 12.6820 0.4547
180 1 0 0 12.6450 0.4477
185 0 1 0 3.7920 0.0000
190 1 0 0 11.8530 0.4569
195 1 0 0 12.5240 0.4414
200 1 0 0 11.5730 0.4599
205 1 0 0 11.9800 0.4560
210 1 0 0 12.3920 0.4270
215 1 0 0 12.2860 0.4524
220 1 0 0 13.9590 0.4056
225 1 0 0 12.1400 0.4432
230 1 0 0 12.4910 0.4518
235 1 0 0 14.2110 0.3919
240 1 0 0 11.7320 0.5000
245 1 0 0 13.8570 0.4011
250 1 0 0 12.2690 0.4287
255 1 0 0 11.9870 0.4786
260 1 0 0 12.9860 0.4452
265 1 0 0 13.8410 0.4549
270 1 0 0 18.5520 0.3161
275 0 1 0 12.2250 0.0000
280 0 1 0 6.7730 0.0000
285 1 0 0 12.6710 0.4460
290 1 0 0 12.3140 0.4736
295 0 1 0 9.2540 0.0000

succes : 55/60
score : 0.45
