15 1 0 0 12.5730 0.4614
20 1 0 0 12.0900 0.4639
25 1 0 0 12.0530 0.4966
30 0 1 0 9.6330 0.0000
35 1 0 0 13.1950 0.4182
40 1 0 0 13.0830 0.4131
45 1 0 0 14.0950 0.4250
50 0 1 0 6.4680 0.0000
55 1 0 0 12.7380 0.4818
60 0 1 0 5.5510 0.0000
65 1 0 0 12.3320 0.4886
70 1 0 0 12.9610 0.4173
75 1 0 0 12.8630 0.4162
80 1 0 0 13.0250 0.4259
85 1 0 0 13.4860 0.4056
90 1 0 0 13.3750 0.4184
95 1 0 0 11.5810 0.4503
100 1 0 0 12.4090 0.4386
105 1 0 0 12.6970 0.4343
110 1 0 0 12.6320 0.4636
115 1 0 0 12.1550 0.4493
120 1 0 0 13.3650 0.4270
