0 0 1 0 5.7940 0.0000
5 1 0 0 17.9350 0.3342
10 1 0 0 18.1010 0.3066
15 1 0 0 18.6690 0.3113
20 1 0 0 17.9930 0.3126
25 1 0 0 18.1800 0.3267
30 1 0 0 19.2930 0.3068
35 1 0 0 17.8600 0.3112
40 1 0 0 19.0400 0.2845
45 0 1 0 10.8730 0.0000
50 0 1 0 8.5710 0.0000
55 1 0 0 18.1080 0.3372
60 1 0 0 17.8840 0.3067
65 1 0 0 18.0030 0.3346
70 1 0 0 18.6520 0.2939
75 1 0 0 18.8210 0.2856
80 0 1 0 3.6610 0.0000
85 0 1 0 5.2810 0.0000
90 1 0 0 18.1670 0.3085
95 1 0 0 19.7820 0.2625
100 1 0 0 18.7720 0.2885
105 1 0 0 21.3100 0.2638
110 1 0 0 18.0040 0.3252
115 1 0 0 18.2240 0.3022
120 1 0 0 19.7110 0.2884
125 1 0 0 19.4910 0.2827
130 1 0 0 17.9880 0.3102
135 1 0 0 19.0280 0.2850
140 1 0 0 18.9180 0.2881
145 1 0 0 18.7710 0.2906
150 0 1 0 10.7420 0.0000
155 1 0 0 18.6460 0.2913
160 1 0 0 18.3900 0.3087
165 1 0 0 18.9070 0.2927
170 1 0 0 18.3480 0.3314
175 1 0 0 18.9390 0.3079
180 1 0 0 19.2250 0.2941
185 1 0 0 18.9860 0.2970
190 1 0 0 18.5620 0.2992
195 1 0 0 19.2510 0.2845
200 1 0 0 18.6690 0.2861
205 1 0 0 18.7680 0.2986
210 1 0 0 18.3050 0.2889
215 1 0 0 18.6370 0.2981
220 1 0 0 19.6800 0.2883
225 1 0 0 18.3870 0.2956
230 1 0 0 18.9660 0.2971
235 1 0 0 18.7200 0.2977
240 1 0 0 18.5980 0.3441
245 1 0 0 21.2530 0.2616
250 1 0 0 17.9950 0.2919
255 1 0 0 18.7220 0.3080
260 1 0 0 19.1870 0.2970
265 1 0 0 20.9420 0.3008
270 1 0 0 18.3910 0.3178
275 1 0 0 58.7910 0.1250
280 0 1 0 6.6580 0.0000
285 1 0 0 18.8780 0.2967
290 1 0 0 18.4440 0.3154
295 1 0 0 19.0620 0.2915

success : 53/60
score: 0.297
