0 0 1 0 5.9570 0.0000
5 1 0 0 11.8460 0.5000
10 1 0 0 12.6630 0.4385
15 1 0 0 12.5750 0.4571
20 1 0 0 11.5770 0.4879
25 1 0 0 12.0290 0.4942
30 1 0 0 14.3610 0.4142
35 1 0 0 13.3490 0.4133
40 1 0 0 13.5120 0.4042
45 1 0 0 13.1880 0.4537
50 1 0 0 12.2590 0.5000
55 1 0 0 12.8320 0.4785
60 1 0 0 12.2670 0.4479
65 1 0 0 12.6500 0.4750
70 1 0 0 12.4280 0.4350
75 1 0 0 11.4150 0.4725
80 0 1 0 7.0080 0.0000
85 1 0 0 12.1370 0.4428
90 1 0 0 12.3130 0.4518
95 1 0 0 13.0900 0.4004
100 1 0 0 12.6970 0.4238
105 1 0 0 12.5880 0.4370
110 1 0 0 12.7950 0.4556
115 1 0 0 11.9670 0.4605
120 1 0 0 12.5720 0.4607
125 1 0 0 12.0010 0.4598
130 1 0 0 11.9130 0.4685
135 1 0 0 12.7160 0.4275
140 1 0 0 12.3190 0.4407
145 1 0 0 11.5320 0.4698
150 1 0 0 12.1470 0.4455
155 1 0 0 12.0490 0.4512
160 1 0 0 11.7140 0.4849
165 1 0 0 12.4570 0.4426
170 1 0 0 12.3040 0.4923
175 1 0 0 12.9680 0.4461
180 1 0 0 12.3930 0.4620
185 1 0 0 12.3130 0.4547
190 1 0 0 12.2940 0.4442
195 1 0 0 13.0220 0.4217
200 1 0 0 11.8220 0.4552
205 1 0 0 12.2070 0.4521
210 1 0 0 12.5680 0.4209
215 1 0 0 12.7270 0.4370
220 1 0 0 14.2710 0.3982
225 1 0 0 12.0960 0.4460
230 1 0 0 12.0970 0.4648
235 1 0 0 12.4680 0.4469
240 1 0 0 12.4720 0.5000
245 1 0 0 36.0840 0.1563
250 1 0 0 11.7100 0.4485
255 1 0 0 12.4840 0.4605
260 0 1 0 3.2320 0.0000
265 1 0 0 13.7190 0.4601
270 1 0 0 12.5170 0.4669
275 0 1 0 6.2470 0.0000
280 0 1 0 5.9480 0.0000
285 1 0 0 13.2920 0.4222
290 1 0 0 11.8590 0.4884
295 0 1 0 8.6610 0.0000

success:54/60

