0 1 0 0 13.5010 0.5000
5 1 0 0 11.9390 0.5000
10 1 0 0 11.7370 0.4738
15 1 0 0 11.8000 0.4866
20 1 0 0 11.7240 0.4784
25 1 0 0 12.0010 0.4947
30 1 0 0 13.0560 0.4534
35 1 0 0 11.7890 0.4703
40 1 0 0 11.7920 0.4583
45 1 0 0 12.6650 0.4688
50 1 0 0 12.2310 0.5000
55 1 0 0 12.0450 0.5000
60 1 0 0 11.7890 0.4579
65 1 0 0 11.6860 0.5000
70 1 0 0 12.5170 0.4313
75 1 0 0 11.9060 0.4503
80 1 0 0 11.7850 0.4674
85 1 0 0 14.4750 0.3791
90 1 0 0 11.9790 0.4701
95 1 0 0 11.7330 0.4427
100 1 0 0 12.4190 0.4395
105 1 0 0 12.3830 0.4413
110 1 0 0 11.5870 0.5000
115 1 0 0 12.0550 0.4536
120 1 0 0 12.5970 0.4595
125 1 0 0 12.3440 0.4464
130 1 0 0 11.8500 0.4710
135 1 0 0 12.3800 0.4357
140 1 0 0 12.7600 0.4277
145 1 0 0 11.7110 0.4697
150 0 1 0 5.9200 0.0000
155 1 0 0 11.7680 0.4566
160 1 0 0 11.7680 0.4808
165 1 0 0 11.9010 0.4532
170 1 0 0 11.7290 0.5000
175 1 0 0 12.7220 0.4525
180 1 0 0 12.6280 0.4499
185 0 1 0 5.2430 0.0000
190 1 0 0 11.9990 0.4522
195 1 0 0 12.5510 0.4376
200 1 0 0 11.8610 0.4487
205 1 0 0 12.5800 0.4428
210 1 0 0 12.6980 0.4149
215 1 0 0 12.1950 0.4555
220 1 0 0 12.8280 0.4382
225 1 0 0 12.4430 0.4327
230 1 0 0 12.9180 0.4376
235 1 0 0 12.3240 0.4516
240 1 0 0 12.4250 0.5000
245 1 0 0 20.2240 0.2754
250 1 0 0 12.0430 0.4390
255 1 0 0 12.4620 0.4607
260 1 0 0 14.2110 0.4031
265 1 0 0 14.0960 0.4467
270 1 0 0 12.4930 0.4730
275 1 0 0 24.8150 0.2166
280 0 1 0 5.3100 0.0000
285 1 0 0 13.3720 0.4202
290 1 0 0 12.0090 0.4831
295 1 0 0 12.5270 0.4458


success: 57/60
score:0.45