0 1 0 0 24.4750 0.2778
5 1 0 0 11.8340 0.4997
10 1 0 0 12.2940 0.4538
15 1 0 0 11.8710 0.4851
20 1 0 0 11.7180 0.4792
25 1 0 0 12.1730 0.4886
30 1 0 0 12.7380 0.4647
35 1 0 0 11.8540 0.4664
40 1 0 0 11.7500 0.4677
45 1 0 0 11.8760 0.4998
50 1 0 0 11.6140 0.5000
55 1 0 0 12.0230 0.5000
60 1 0 0 11.2060 0.4868
65 1 0 0 11.9040 0.5000
70 1 0 0 11.9890 0.4546
75 1 0 0 12.0520 0.4395
80 0 1 0 5.3300 0.0000
85 1 0 0 13.3240 0.4051
90 1 0 0 12.0800 0.4591
95 1 0 0 11.8000 0.4445
100 1 0 0 11.8760 0.4524
105 0 1 0 7.7170 0.0000
110 1 0 0 11.8960 0.4898
115 1 0 0 11.7910 0.4647
120 1 0 0 12.7650 0.4410
125 1 0 0 11.9900 0.4612
130 1 0 0 12.1830 0.4589
135 1 0 0 12.2780 0.4347
140 1 0 0 13.0170 0.4181
145 1 0 0 11.8660 0.4584
150 1 0 0 18.9380 0.2895
155 1 0 0 12.2820 0.4353
160 1 0 0 11.8050 0.4791
165 1 0 0 12.4610 0.4411
170 1 0 0 11.9590 0.5000
175 1 0 0 12.7750 0.4501
180 1 0 0 12.4110 0.4565
185 1 0 0 12.2520 0.4513
190 1 0 0 12.2750 0.4531
195 1 0 0 12.4980 0.4380
200 1 0 0 11.6220 0.4580
205 1 0 0 12.5260 0.4396
210 1 0 0 12.5380 0.4244
215 1 0 0 13.0280 0.4264
220 1 0 0 12.5810 0.4477
225 1 0 0 12.2330 0.4419
230 1 0 0 12.5660 0.4477
235 1 0 0 13.0710 0.4260
240 1 0 0 12.4260 0.5000
245 1 0 0 18.8010 0.2951
250 1 0 0 11.6590 0.4506
255 1 0 0 12.3700 0.4640
260 1 0 0 12.9410 0.4472
265 1 0 0 13.9150 0.4529
270 1 0 0 13.1850 0.4457
275 0 1 0 17.4600 0.0000
280 0 1 0 6.1670 0.0000
285 1 0 0 12.4410 0.4464
290 1 0 0 12.2340 0.4702
295 1 0 0 12.9440 0.4329



success: 56/60
score:0.450 1 0 0 12.3140 0.5000
