0 0 1 0 45.9680 0.0000
5 0 1 0 89.2500 0.0000
10 0 1 0 47.0050 0.0000
15 0 1 0 47.4480 0.0000
20 0 1 0 69.6730 0.0000
25 0 0 1 100.0400 0.0000
30 0 1 0 94.3610 0.0000
35 0 0 1 100.0840 0.0000
40 0 0 1 100.0350 0.0000
45 0 1 0 43.9170 0.0000
50 0 0 1 100.0680 0.0000
55 0 1 0 55.3720 0.0000
60 0 1 0 52.9320 0.0000
65 0 1 0 73.8080 0.0000
70 0 0 1 100.0120 0.0000
75 0 0 1 100.0940 0.0000
80 0 1 0 63.4700 0.0000
85 0 1 0 57.9450 0.0000
90 0 1 0 48.8270 0.0000
95 0 0 1 100.0510 0.0000
100 0 1 0 48.7760 0.0000
105 0 1 0 70.9520 0.0000
110 0 1 0 63.9400 0.0000
115 0 0 1 100.1010 0.0000
120 0 1 0 85.9580 0.0000
125 0 1 0 34.8200 0.0000
130 0 1 0 48.3970 0.0000
135 0 1 0 49.9690 0.0000
140 0 1 0 36.5560 0.0000
145 0 1 0 47.6390 0.0000
