0 1 0 0 11.7760 0.5000
5 1 0 0 12.3480 0.4753
10 1 0 0 11.6100 0.4787
15 1 0 0 11.5630 0.4971
20 1 0 0 11.8450 0.4741
25 1 0 0 11.8800 0.5000
30 1 0 0 13.2740 0.4460
35 1 0 0 11.8910 0.4643
40 1 0 0 11.6700 0.4690
45 1 0 0 11.6750 0.5000
50 1 0 0 11.9380 0.5000
55 1 0 0 12.3240 0.4946
60 1 0 0 11.8760 0.4577
65 1 0 0 12.2230 0.4947
70 1 0 0 12.2050 0.4387
75 1 0 0 11.6380 0.4644
80 1 0 0 12.0800 0.4580
85 1 0 0 14.3380 0.3819
90 1 0 0 11.7320 0.4746
95 1 0 0 11.7490 0.4432
100 1 0 0 12.2760 0.4386
105 1 0 0 13.6680 0.4043
110 1 0 0 12.1980 0.4769
115 1 0 0 11.8870 0.4722
120 1 0 0 12.6170 0.4607
125 1 0 0 11.9550 0.4619
130 1 0 0 11.7000 0.4767
135 1 0 0 11.6030 0.4561
140 1 0 0 12.4600 0.4354
145 1 0 0 12.1850 0.4515
150 0 1 0 4.8690 0.0000
155 1 0 0 11.7290 0.4592
160 1 0 0 11.5760 0.4893
165 1 0 0 11.8910 0.4661
170 1 0 0 12.0720 0.5000
175 1 0 0 12.1360 0.4792
180 1 0 0 12.2370 0.4641
185 1 0 0 12.1590 0.4567
190 1 0 0 12.4520 0.4435
195 1 0 0 12.5560 0.4367
200 1 0 0 11.4660 0.4631
205 1 0 0 12.1500 0.4536
210 1 0 0 12.8730 0.4120
215 1 0 0 12.3350 0.4507
220 1 0 0 13.5030 0.4204
225 1 0 0 11.7370 0.4600
230 1 0 0 12.4770 0.4533
235 1 0 0 12.2980 0.4527
240 1 0 0 12.0110 0.5000
250 1 0 0 12.1090 0.4356
255 1 0 0 12.6740 0.4526
260 1 0 0 13.1650 0.4318
265 1 0 0 14.1360 0.4456
270 1 0 0 12.4890 0.4710
275 0 1 0 7.3950 0.0000
280 1 0 0 13.1710 0.4869
285 1 0 0 13.6340 0.4134
290 1 0 0 11.9130 0.4882
295 0 1 0 12
285 1 0 0 13.5190 0.4138
286 1 0 0 12.1790 0.5000
285 0 1 0 7.0060 0.0000
285 0 1 0 7.3160 0.0000
285 0 1 0 7.7790 0.0000
285 0 1 0 6.8600 0.0000
285 1 0 0 12.9550 0.4272
285 1 0 0 12.7930 0.4334
285 1 0 0 12.7150 0.4425
285 1 0 0 13.6740 0.4049
285 1 0 0 12.9940 0.4259
285 1 0 0 13.4300 0.4118
285 1 0 0 13.2600 0.4251
285 0 1 0 10.4210 0.0000
285 0 1 0 7.0650 0.0000
285 0 1 0 9.5830 0.0000
290 0 1 0 5.5450 0.0000
290 0 1 0 4.2370 0.0000
290 1 0 0 15.9380 0.3634
290 1 0 0 11.9620 0.4872
290 1 0 0 15.5960 0.3728
290 0 1 0 6.1390 0.0000
290 0 1 0 4.1490 0.0000
290 0 1 0 7.2650 0.0000
285 0 1 0 9.9540 0.0000
285 0 1 0 6.6160 0.0000
285 0 1 0 4.3460 0.0000
285 0 1 0 3.9130 0.0000
285 0 1 0 10.9950 0.0000
2 0 1 0 6.6660 0.0000
2 1 0 0 17.7910 0.3556
2 0 0 1 100.0160 0.0000
2 0 1 0 95.4000 0.0000
