0 1 0 0 15.1660 0.4454
5 1 0 0 11.5730 0.5000
10 1 0 0 11.9540 0.4649
15 1 0 0 11.6740 0.4974
20 1 0 0 11.8690 0.4749
25 1 0 0 11.9160 0.5000
30 1 0 0 12.7820 0.4642
35 1 0 0 11.5340 0.4812
40 1 0 0 11.7870 0.4679
45 1 0 0 12.4520 0.4762
50 1 0 0 11.7510 0.5000
55 1 0 0 11.9190 0.5000
60 1 0 0 11.6100 0.4711
65 1 0 0 11.7200 0.5000
70 1 0 0 12.1100 0.4574
75 1 0 0 11.7540 0.4503
80 1 0 0 13.4410 0.4195
85 1 0 0 13.2840 0.4061
90 1 0 0 11.7240 0.4785
95 1 0 0 11.8340 0.4412
100 1 0 0 11.7580 0.4584
105 1 0 0 12.4780 0.4468
110 1 0 0 12.0670 0.4830
115 1 0 0 11.5520 0.4733
120 1 0 0 12.3250 0.4588
125 1 0 0 11.7740 0.4682
130 1 0 0 11.9980 0.4648
135 1 0 0 11.3660 0.4672
140 1 0 0 12.3130 0.4405
145 1 0 0 11.4770 0.4723
150 0 1 0 6.1580 0.0000
155 1 0 0 11.6710 0.4620
160 1 0 0 11.8690 0.4751
165 1 0 0 12.0660 0.4551
170 1 0 0 11.9620 0.5000
175 1 0 0 12.5750 0.4563
180 1 0 0 12.2390 0.4670
185 1 0 0 11.8150 0.4680
190 1 0 0 12.0340 0.4558
195 1 0 0 12.6270 0.4363
200 1 0 0 11.6190 0.4582
205 1 0 0 11.8330 0.4679
210 1 0 0 11.7590 0.4467
215 1 0 0 12.4070 0.4482
220 1 0 0 13.3400 0.4217
225 1 0 0 12.3660 0.4370
230 1 0 0 12.1850 0.4619
235 1 0 0 12.2860 0.4530
240 1 0 0 12.1830 0.5000
245 1 0 0 13.9160 0.3991
250 1 0 0 12.1110 0.4358
255 1 0 0 12.2540 0.4689
260 1 0 0 12.3110 0.4582
265 1 0 0 13.9670 0.4514
270 1 0 0 11.5480 0.5000
275 1 0 0 15.5910 0.3501
280 0 1 0 5.4330 0.0000
285 1 0 0 13.2870 0.4231
290 1 0 0 12.6350 0.4593
295 0 1 0 8.7650 0.0000
1 1 0 0 12.1850 0.5000
2 1 0 0 11.7460 0.5000
3 1 0 0 11.8660 0.5000
9 1 0 0 12.1110 0.4844
23 1 0 0 11.7270 0.4923
26 1 0 0 11.7940 0.4839
27 1 0 0 11.5300 0.5000
33 1 0 0 12.9870 0.4818
36 1 0 0 11.8850 0.4421
42 1 0 0 11.3810 0.4987
47 1 0 0 11.8700 0.4477
62 1 0 0 12.3710 0.4786
68 1 0 0 11.3430 0.5000
76 1 0 0 11.8210 0.4517
78 1 0 0 11.7200 0.5000
83 1 0 0 12.2420 0.5000
87 1 0 0 11.6570 0.4758
99 1 0 0 13.3760 0.4214
101 1 0 0 11.8630 0.4304
102 1 0 0 12.0360 0.4382
107 1 0 0 12.1750 0.4875
113 1 0 0 12.1170 0.4696
117 1 0 0 13.2120 0.4519
118 1 0 0 12.9530 0.4497
122 0 1 0 7.3400 0.0000
124 1 0 0 12.5090 0.5000
131 1 0 0 12.1500 0.5000
133 1 0 0 11.9910 0.4498
134 1 0 0 12.2960 0.4378
138 0 1 0 10.3060 0.0000
142 1 0 0 12.1700 0.4542
146 0 1 0 11.5410 0.0000
147 1 0 0 11.7030 0.4721
149 1 0 0 12.0390 0.5000
154 1 0 0 12.0250 0.4433
156 1 0 0 11.8510 0.4375
159 1 0 0 11.7950 0.4820
162 1 0 0 12.0940 0.4471
164 1 0 0 11.8160 0.5000
173 1 0 0 11.5520 0.4505
178 1 0 0 12.0870 0.4491
181 1 0 0 12.2370 0.4952
184 1 0 0 11.9590 0.5000
186 1 0 0 12.8540 0.4639
187 1 0 0 12.0600 0.4523
188 1 0 0 12.1610 0.4545
191 1 0 0 12.4540 0.4872
197 1 0 0 19.9450 0.2723
201 1 0 0 12.0550 0.5000
207 1 0 0 15.0560 0.3734
208 1 0 0 11.6150 0.5000
209 1 0 0 14.4430 0.4005
212 1 0 0 12.1460 0.4538
214 1 0 0 12.8710 0.4699
216 1 0 0 12.1090 0.4660
218 1 0 0 11.8450 0.4722
221 1 0 0 12.2650 0.5000
224 1 0 0 13.0950 0.4170
228 1 0 0 12.1400 0.5000
231 0 1 0 8.5710 0.0000
234 1 0 0 11.7060 0.4589
239 1 0 0 12.5670 0.5000
248 1 0 0 11.8680 0.4681
249 1 0 0 12.3190 0.4576
251 1 0 0 11.5870 0.4691
253 1 0 0 12.1140 0.4363
281 1 0 0 13.7340 0.4561
283 0 0 1 100.0820 0.0000
284 0 1 0 7.9610 0.0000
293 1 0 0 12.4670 0.4557
298 1 0 0 12.4550 0.4581
299 1 0 0 15.4260 0.3611
