0 1 0 0 13.5730 0.4942
5 1 0 0 12.4720 0.4828
10 1 0 0 12.4420 0.4467
15 1 0 0 13.4120 0.4284
20 0 1 0 9.2140 0.0000
25 1 0 0 13.2820 0.4482
30 1 0 0 13.8920 0.4262
35 1 0 0 12.6850 0.4373
40 1 0 0 13.1020 0.4166
45 1 0 0 13.5090 0.4385
50 0 1 0 6.3940 0.0000
55 1 0 0 12.2470 0.5000
60 1 0 0 12.8830 0.4195
65 1 0 0 12.6720 0.4750
70 1 0 0 13.0910 0.4168
75 1 0 0 11.7580 0.4579
80 1 0 0 11.9540 0.4617
85 0 1 0 6.9720 0.0000
90 1 0 0 11.7030 0.4699
95 0 1 0 8.4630 0.0000
100 1 0 0 13.9510 0.3896
105 0 1 0 5.3910 0.0000
110 1 0 0 13.8270 0.4199
115 1 0 0 13.1920 0.4190
120 1 0 0 12.5310 0.4523
125 0 1 0 8.1030 0.0000
130 1 0 0 13.7490 0.4056
135 1 0 0 13.5180 0.3969
140 1 0 0 13.7470 0.3957
145 1 0 0 13.3760 0.4069
150 0 1 0 8.3720 0.0000
155 1 0 0 13.0000 0.4192
160 1 0 0 12.2450 0.4613
165 1 0 0 12.6060 0.4364
170 1 0 0 12.2620 0.4944
175 1 0 0 13.7950 0.4181
180 0 1 0 7.5020 0.0000
185 1 0 0 13.0660 0.4277
190 1 0 0 12.5060 0.4442
195 1 0 0 12.1450 0.4505
200 1 0 0 12.3100 0.4317
205 0 1 0 8.7660 0.0000
210 1 0 0 12.4760 0.4207
215 1 0 0 13.0200 0.4266
220 1 0 0 13.2190 0.4264
225 1 0 0 13.0450 0.4142
230 0 1 0 7.0050 0.0000
235 0 1 0 3.3530 0.0000
240 0 1 0 7.7590 0.0000
245 0 1 0 9.0680 0.0000
250 1 0 0 12.6030 0.4168
255 1 0 0 12.9110 0.4469
260 0 1 0 7.9010 0.0000
265 1 0 0 17.9450 0.3512
270 1 0 0 13.4740 0.4366
275 0 1 0 5.6550 0.0000
280 0 1 0 5.1510 0.0000
285 0 1 0 6.2240 0.0000
290 1 0 0 13.2620 0.4343
295 1 0 0 12.1920 0.4536
1 1 0 0 13.4140 0.4699
2 1 0 0 13.2860 0.4758
3 1 0 0 12.5880 0.4774
9 1 0 0 12.9790 0.4501
23 0 1 0 6.1710 0.0000
26 1 0 0 12.3800 0.4639
27 1 0 0 12.5210 0.4635
33 1 0 0 15.1120 0.4136
36 1 0 0 12.6640 0.4170
42 1 0 0 13.6600 0.4140
47 0 1 0 5.8180 0.0000
62 1 0 0 13.6840 0.4314
68 1 0 0 12.9940 0.4513
76 0 1 0 4.2280 0.0000
78 0 1 0 6.1430 0.0000
83 0 1 0 6.3140 0.0000
87 1 0 0 13.1020 0.4180
99 0 1 0 3.7040 0.0000
101 1 0 0 12.4950 0.4027
102 1 0 0 12.8740 0.4127
107 1 0 0 12.8730 0.4611
113 0 1 0 6.6030 0.0000
117 1 0 0 13.6910 0.4412
118 1 0 0 13.3770 0.4303
122 1 0 0 12.4430 0.4588
124 0 1 0 7.9830 0.0000
131 1 0 0 12.5210 0.5000
133 1 0 0 12.6700 0.4252
134 1 0 0 12.3010 0.4367
138 1 0 0 12.7600 0.5000
142 1 0 0 13.6830 0.4038
146 1 0 0 13.9100 0.4134
147 1 0 0 12.5200 0.4448
149 1 0 0 12.6330 0.4860
154 1 0 0 12.2130 0.4353
156 1 0 0 11.8810 0.4410
159 1 0 0 13.1770 0.4265
162 1 0 0 12.7780 0.4234
164 1 0 0 13.4250 0.4642
173 1 0 0 11.6640 0.4473
178 1 0 0 12.7580 0.4255
181 1 0 0 12.4300 0.4906
184 1 0 0 13.5380 0.4476
186 0 1 0 8.1770 0.0000
187 0 1 0 3.6400 0.0000
188 0 1 0 3.8310 0.0000
191 0 1 0 7.5340 0.0000
197 0 1 0 8.7960 0.0000
201 1 0 0 13.3280 0.5000
207 0 1 0 5.7680 0.0000
208 1 0 0 13.1570 0.4477
209 0 1 0 5.0280 0.0000
212 1 0 0 12.6030 0.4390
214 0 0 1 100.0700 0.0000
216 0 1 0 4.2870 0.0000
218 1 0 0 13.2260 0.4193
221 0 1 0 8.9100 0.0000
224 0 1 0 2.8030 0.0000
228 0 1 0 8.8810 0.0000
231 0 1 0 8.3430 0.0000
234 0 1 0 3.3480 0.0000
239 1 0 0 12.9720 0.5000
248 1 0 0 12.8190 0.4330
249 1 0 0 13.5690 0.4162
251 1 0 0 12.7780 0.4263
253 1 0 0 12.5670 0.4254
281 0 1 0 7.5360 0.0000
283 0 1 0 9.4070 0.0000
284 0 1 0 8.0640 0.0000
293 1 0 0 13.1020 0.4360
298 1 0 0 14.2490 0.4004
299 0 1 0 5.3610 0.0000
