0 1 0 0 12.2920 0.5000
0 1 0 0 12.2370 0.5000
0 1 0 0 12.1000 0.5000
0 1 0 0 12.4410 0.5000
1 1 0 0 12.2280 0.5000
1 1 0 0 12.0320 0.5000
1 1 0 0 12.2060 0.5000
2 1 0 0 12.1770 0.5000
2 1 0 0 11.8500 0.5000
2 1 0 0 12.0230 0.5000
3 1 0 0 11.8450 0.5000
3 1 0 0 11.9450 0.4993
3 1 0 0 11.8310 0.5000
4 1 0 0 12.4100 0.4838
4 1 0 0 12.0210 0.4996
4 1 0 0 12.2200 0.4894
5 1 0 0 11.8730 0.4940
5 1 0 0 12.0340 0.4935
5 1 0 0 11.9250 0.5000
6 1 0 0 12.2840 0.5000
6 1 0 0 12.1310 0.5000
6 1 0 0 12.1130 0.5000
7 1 0 0 12.1600 0.5000
7 1 0 0 12.0950 0.5000
7 1 0 0 12.1880 0.5000
8 1 0 0 12.6640 0.4442
8 1 0 0 12.2460 0.4594
8 1 0 0 12.1480 0.4628
9 1 0 0 11.9340 0.4827
9 1 0 0 11.9200 0.4837
9 1 0 0 11.8900 0.4918
10 1 0 0 11.9070 0.4673
10 1 0 0 11.9810 0.4661
10 1 0 0 11.9570 0.4642
11 1 0 0 11.9470 0.4907
11 1 0 0 12.1870 0.4807
11 1 0 0 11.9450 0.4904
12 1 0 0 12.9160 0.4539
12 1 0 0 12.6070 0.4657
12 1 0 0 12.5020 0.4694
13 1 0 0 11.8490 0.5000
13 1 0 0 12.0580 0.5000
13 1 0 0 11.8630 0.5000
14 1 0 0 12.2290 0.4912
14 1 0 0 12.1280 0.5000
14 1 0 0 12.0900 0.5000
15 1 0 0 12.1610 0.4771
15 1 0 0 12.2450 0.4728
15 1 0 0 12.0100 0.4776
16 1 0 0 12.4310 0.4759
16 1 0 0 12.4180 0.4774
16 1 0 0 12.5790 0.4730
17 1 0 0 12.0840 0.4592
17 1 0 0 11.9320 0.4694
17 1 0 0 12.2870 0.4487
18 1 0 0 11.8570 0.4880
18 1 0 0 12.1310 0.4797
18 1 0 0 11.8420 0.4876
19 1 0 0 12.7050 0.5000
19 1 0 0 12.7590 0.5000
19 1 0 0 12.5160 0.5000
20 1 0 0 11.9380 0.4716
20 1 0 0 11.9530 0.4709
20 1 0 0 11.9300 0.4715
21 1 0 0 11.8950 0.4795
21 1 0 0 12.2150 0.4754
21 1 0 0 12.1200 0.4778
22 1 0 0 11.9790 0.4824
22 1 0 0 11.9460 0.4864
22 1 0 0 12.1580 0.4880
23 1 0 0 12.0040 0.4810
23 1 0 0 11.8680 0.4863
23 1 0 0 12.0830 0.4780
24 1 0 0 12.2670 0.5000
24 1 0 0 12.2580 0.5000
24 1 0 0 12.2560 0.5000
25 1 0 0 12.2980 0.4848
25 1 0 0 12.0600 0.4940
25 1 0 0 11.8940 0.5000
26 1 0 0 12.2470 0.4679
26 1 0 0 12.0410 0.4749
26 1 0 0 11.9750 0.4804
27 1 0 0 11.9600 0.4856
27 1 0 0 12.0480 0.4817
27 1 0 0 12.0470 0.4818
28 1 0 0 11.9940 0.4565
28 1 0 0 12.1970 0.4537
28 1 0 0 12.0070 0.4550
29 1 0 0 12.0910 0.4825
29 1 0 0 12.1350 0.4822
29 1 0 0 22.8330 0.2555
30 1 0 0 12.8680 0.4610
30 1 0 0 12.9300 0.4578
30 1 0 0 12.9010 0.4588
31 1 0 0 12.0380 0.4559
31 1 0 0 11.9400 0.4585
31 1 0 0 11.9750 0.4603
32 1 0 0 11.8520 0.4804
32 1 0 0 11.8760 0.4785
32 1 0 0 11.8690 0.4794
33 1 0 0 13.3990 0.4703
33 1 0 0 13.0480 0.4772
33 1 0 0 13.1450 0.4761
34 1 0 0 12.1080 0.4531
34 1 0 0 12.0020 0.4574
34 1 0 0 11.9310 0.4605
35 1 0 0 11.9450 0.4635
35 1 0 0 11.8230 0.4663
35 1 0 0 12.2430 0.4504
36 1 0 0 11.8030 0.4458
36 1 0 0 12.0410 0.4363
36 1 0 0 12.1090 0.4350
37 1 0 0 12.3700 0.4597
37 1 0 0 12.1440 0.4692
37 1 0 0 12.1520 0.4679
38 1 0 0 12.3230 0.4805
38 1 0 0 12.2020 0.4862
38 1 0 0 12.2540 0.4853
39 1 0 0 11.8730 0.4660
39 1 0 0 11.9120 0.4643
39 1 0 0 11.9210 0.4677
40 1 0 0 11.8930 0.4554
40 1 0 0 11.8260 0.4649
40 1 0 0 11.9050 0.4561
41 1 0 0 11.8790 0.4549
41 1 0 0 11.8250 0.4619
41 1 0 0 12.0940 0.4457
42 1 0 0 12.1190 0.4668
42 1 0 0 11.9250 0.4746
42 1 0 0 12.0310 0.4749
43 1 0 0 12.1170 0.4598
43 1 0 0 12.6000 0.4459
43 1 0 0 12.1170 0.4604
44 1 0 0 12.1040 0.4970
44 1 0 0 12.0780 0.4972
44 1 0 0 12.0910 0.4983
45 1 0 0 12.4040 0.4763
45 1 0 0 12.5600 0.4712
45 1 0 0 12.6180 0.4772
46 1 0 0 12.3580 0.4272
46 1 0 0 12.0860 0.4397
46 1 0 0 12.3230 0.4322
47 1 0 0 11.9670 0.4423
47 1 0 0 11.9290 0.4479
47 1 0 0 11.9100 0.4465
48 1 0 0 12.4900 0.4468
48 1 0 0 12.2970 0.4606
48 0 1 0 6.1170 0.0000
48 1 0 0 12.1740 0.4642
49 1 0 0 12.0160 0.4851
49 1 0 0 12.2000 0.4761
49 1 0 0 12.1250 0.4769
50 1 0 0 11.8270 0.5000
50 1 0 0 11.9030 0.5000
50 1 0 0 13.6450 0.4491
51 1 0 0 11.9290 0.4598
51 1 0 0 12.2360 0.4490
51 1 0 0 11.9790 0.4620
52 1 0 0 11.9040 0.4452
52 1 0 0 12.0300 0.4402
52 1 0 0 12.1310 0.4354
53 1 0 0 12.0620 0.4455
53 1 0 0 12.3460 0.4357
53 1 0 0 12.2970 0.4373
54 1 0 0 11.9560 0.4690
54 1 0 0 12.0890 0.4612
54 1 0 0 11.9210 0.4726
55 1 0 0 12.2730 0.4977
55 1 0 0 12.0460 0.5000
55 1 0 0 12.0060 0.5000
56 1 0 0 11.9610 0.4362
56 1 0 0 12.0220 0.4352
56 1 0 0 11.9380 0.4427
57 1 0 0 12.3560 0.4395
57 1 0 0 12.2610 0.4403
57 1 0 0 12.3630 0.4352
58 0 1 0 13.1960 0.0000
58 0 1 0 15.4210 0.0000
58 0 1 0 11.8430 0.0000
58 0 1 0 11.0260 0.0000
58 0 1 0 10.8790 0.0000
58 0 1 0 8.2640 0.0000
58 0 1 0 8.5160 0.0000
58 0 1 0 10.9240 0.0000
58 0 1 0 9.6520 0.0000
58 0 1 0 8.1430 0.0000
58 1 0 0 20.3560 0.3245
58 0 1 0 12.2260 0.0000
58 0 1 0 8.2990 0.0000
58 0 1 0 9.4040 0.0000
58 0 1 0 12.1270 0.0000
58 0 1 0 7.9220 0.0000
58 0 1 0 7.1640 0.0000
58 0 1 0 6.8510 0.0000
58 1 0 0 20.6910 0.3168
58 0 1 0 8.4380 0.0000
58 0 1 0 10.9430 0.0000
58 0 1 0 7.2870 0.0000
58 0 1 0 8.4070 0.0000
58 0 1 0 12.8980 0.0000
58 0 1 0 11.4400 0.0000
58 0 1 0 8.1870 0.0000
58 0 1 0 10.9740 0.0000
58 0 1 0 7.0810 0.0000
58 0 1 0 14.7450 0.0000
58 0 1 0 7.1650 0.0000
58 0 1 0 14.6660 0.0000
58 0 1 0 8.7300 0.0000
58 0 1 0 8.3260 0.0000
58 0 1 0 7.7990 0.0000
58 0 1 0 8.0150 0.0000
58 0 1 0 10.8370 0.0000
58 1 0 0 20.2150 0.3244
59 1 0 0 12.2730 0.4663
59 1 0 0 12.0910 0.4741
59 1 0 0 12.0170 0.4780
60 1 0 0 11.9320 0.4625
60 1 0 0 11.9430 0.4626
60 1 0 0 11.9250 0.4660
61 1 0 0 11.9400 0.4526
61 1 0 0 11.9580 0.4533
61 1 0 0 12.0690 0.4450
62 1 0 0 12.3610 0.4770
62 1 0 0 12.4640 0.4719
62 1 0 0 12.2700 0.4795
63 1 0 0 12.1340 0.4364
63 1 0 0 11.9260 0.4442
63 1 0 0 12.0230 0.4403
64 1 0 0 12.4820 0.4408
64 0 1 0 7.8510 0.0000
64 1 0 0 12.8140 0.4349
64 1 0 0 12.5000 0.4386
65 1 0 0 12.0350 0.4998
65 1 0 0 12.0010 0.5000
65 1 0 0 12.1590 0.4949
66 1 0 0 11.9670 0.4444
66 1 0 0 12.5590 0.4242
66 1 0 0 12.4670 0.4324
67 1 0 0 11.8160 0.4434
67 1 0 0 11.9170 0.4359
67 1 0 0 12.0440 0.4411
68 1 0 0 11.8730 0.4973
68 1 0 0 12.1590 0.4844
68 1 0 0 12.1340 0.4833
69 1 0 0 12.1360 0.4716
69 1 0 0 12.2340 0.4704
69 1 0 0 11.9790 0.4726
70 1 0 0 12.0200 0.4456
70 1 0 0 12.0580 0.4468
70 1 0 0 12.0940 0.4480
71 1 0 0 11.8300 0.4535
71 1 0 0 11.8430 0.4533
71 1 0 0 11.9600 0.4475
72 1 0 0 11.9580 0.4417
72 1 0 0 11.9660 0.4372
72 1 0 0 11.8300 0.4442
73 1 0 0 11.9100 0.4787
73 1 0 0 11.9930 0.4798
73 1 0 0 11.9800 0.4781
74 1 0 0 12.0410 0.5000
74 1 0 0 12.2100 0.5000
74 1 0 0 12.2540 0.5000
75 1 0 0 11.8990 0.4487
75 1 0 0 11.8450 0.4492
75 1 0 0 11.8970 0.4530
76 1 0 0 12.1210 0.4485
76 1 0 0 12.3260 0.4361
76 1 0 0 12.1930 0.4384
77 1 0 0 12.0630 0.4424
77 1 0 0 11.8730 0.4526
77 1 0 0 12.1480 0.4413
78 1 0 0 12.2310 0.5000
78 1 0 0 12.4720 0.5000
78 1 0 0 14.5430 0.4482
79 1 0 0 11.9830 0.4552
79 1 0 0 12.1360 0.4424
79 1 0 0 12.1720 0.4466
80 1 0 0 12.1310 0.4537
80 1 0 0 12.4800 0.4468
80 0 1 0 5.0150 0.0000
80 1 0 0 12.0870 0.4535
81 1 0 0 12.0470 0.4325
81 1 0 0 11.9500 0.4369
81 1 0 0 12.1920 0.4285
82 1 0 0 12.0470 0.5000
82 1 0 0 11.8860 0.5000
82 1 0 0 12.0480 0.5000
83 1 0 0 12.0000 0.5000
83 1 0 0 12.2970 0.5000
83 1 0 0 12.1110 0.5000
84 1 0 0 11.9870 0.4453
84 1 0 0 11.9790 0.4510
84 1 0 0 11.9240 0.4520
85 0 1 0 9.7620 0.0000
85 1 0 0 13.4680 0.4052
85 1 0 0 16.2300 0.3379
85 1 0 0 13.4350 0.4088
86 1 0 0 12.1240 0.4485
86 1 0 0 12.1590 0.4436
86 1 0 0 12.0430 0.4480
87 1 0 0 11.9990 0.4667
87 1 0 0 11.9670 0.4595
87 1 0 0 12.0350 0.4578
88 1 0 0 11.9310 0.4374
88 1 0 0 11.9910 0.4389
88 1 0 0 12.0940 0.4374
89 1 0 0 12.1630 0.4622
89 1 0 0 11.9270 0.4705
89 1 0 0 11.9910 0.4700
90 1 0 0 12.1740 0.4583
90 1 0 0 11.9600 0.4602
90 1 0 0 11.9050 0.4653
91 1 0 0 12.4870 0.4602
91 1 0 0 12.6610 0.4514
91 1 0 0 12.3380 0.4635
92 1 0 0 11.9790 0.4362
92 1 0 0 11.9330 0.4375
92 1 0 0 11.8950 0.4381
93 1 0 0 11.8090 0.4509
93 1 0 0 11.8480 0.4601
93 1 0 0 11.9120 0.4510
94 1 0 0 11.7930 0.4279
94 1 0 0 11.8590 0.4233
94 1 0 0 12.0590 0.4205
95 1 0 0 11.9680 0.4343
95 1 0 0 12.1380 0.4282
95 1 0 0 11.9370 0.4380
96 1 0 0 12.3130 0.4536
96 0 1 0 11.2910 0.0000
96 1 0 0 12.1610 0.4482
96 1 0 0 12.1940 0.4582
97 1 0 0 12.1320 0.4365
97 1 0 0 11.9000 0.4452
97 1 0 0 11.8990 0.4459
98 1 0 0 11.9400 0.4504
98 1 0 0 12.5350 0.4317
98 1 0 0 11.9920 0.4481
99 1 0 0 13.6350 0.4131
99 1 0 0 12.5330 0.4425
99 1 0 0 12.9450 0.4429
100 1 0 0 12.4510 0.4329
100 1 0 0 12.3990 0.4342
100 1 0 0 12.4210 0.4334
101 1 0 0 11.9150 0.4230
101 1 0 0 12.0440 0.4184
101 1 0 0 11.8150 0.4253
102 1 0 0 12.5240 0.4257
102 1 0 0 12.5230 0.4257
102 1 0 0 12.7580 0.4126
103 1 0 0 12.4450 0.4389
103 1 0 0 13.7910 0.3997
103 1 0 0 13.6950 0.4127
104 1 0 0 12.1110 0.4735
104 1 0 0 12.4620 0.4512
104 1 0 0 11.9150 0.4679
105 1 0 0 12.2580 0.4465
105 1 0 0 13.8890 0.3996
105 1 0 0 12.4490 0.4393
106 1 0 0 12.6320 0.4526
106 1 0 0 12.5990 0.4567
106 1 0 0 12.5440 0.4567
107 1 0 0 12.5860 0.4715
107 1 0 0 12.4340 0.4772
107 1 0 0 12.3140 0.4819
108 1 0 0 11.9690 0.4459
108 1 0 0 12.0600 0.4438
108 1 0 0 12.1170 0.4397
109 1 0 0 12.0330 0.4706
109 1 0 0 11.9280 0.4679
109 1 0 0 11.9710 0.4657
110 1 0 0 12.1530 0.4794
110 1 0 0 12.1330 0.4786
110 1 0 0 12.1110 0.4791
111 1 0 0 16.6710 0.4023
111 1 0 0 14.0910 0.4759
111 1 0 0 15.4900 0.4318
112 1 0 0 11.9410 0.4996
112 1 0 0 13.5090 0.4427
112 1 0 0 12.0640 0.4971
113 1 0 0 12.3870 0.4596
113 1 0 0 12.3100 0.4625
113 1 0 0 12.3950 0.4583
114 1 0 0 16.5720 0.3749
114 0 1 0 9.0480 0.0000
114 1 0 0 14.7440 0.4232
114 0 1 0 7.9160 0.0000
114 0 1 0 9.9180 0.0000
114 1 0 0 13.1690 0.4737
115 1 0 0 12.0410 0.4601
115 1 0 0 12.1080 0.4573
115 1 0 0 11.9180 0.4584
116 1 0 0 11.9340 0.4461
116 1 0 0 11.8790 0.4458
116 1 0 0 12.4860 0.4260
117 1 0 0 13.1380 0.4569
117 1 0 0 12.7380 0.4704
117 1 0 0 12.9560 0.4622
118 1 0 0 12.6820 0.4509
118 1 0 0 12.5410 0.4555
118 1 0 0 12.6590 0.4542
119 1 0 0 12.5260 0.4846
119 1 0 0 12.4050 0.4912
119 1 0 0 12.2670 0.4938
120 1 0 0 12.7500 0.4490
120 1 0 0 13.1650 0.4373
120 1 0 0 13.3000 0.4343
121 1 0 0 12.4630 0.4677
121 1 0 0 12.4460 0.4605
121 1 0 0 12.3610 0.4670
122 1 0 0 12.1580 0.4693
122 1 0 0 12.0210 0.4778
122 1 0 0 11.9390 0.4822
123 0 1 0 8.5390 0.0000
123 1 0 0 28.8140 0.1970
123 0 1 0 6.1270 0.0000
123 0 1 0 10.1290 0.0000
123 0 1 0 6.4540 0.0000
123 1 0 0 20.0200 0.2841
123 1 0 0 12.4710 0.4555
124 1 0 0 12.3330 0.5000
124 1 0 0 12.6150 0.5000
124 1 0 0 12.2980 0.5000
125 1 0 0 12.0000 0.4619
125 1 0 0 11.8350 0.4683
125 1 0 0 11.9970 0.4604
126 1 0 0 12.7320 0.4366
126 1 0 0 12.6430 0.4379
126 1 0 0 12.5380 0.4409
127 1 0 0 12.9490 0.4426
127 1 0 0 12.9080 0.4486
127 1 0 0 12.7950 0.4521
128 1 0 0 12.0620 0.4579
128 1 0 0 11.9160 0.4652
128 1 0 0 11.9320 0.4628
129 1 0 0 12.1520 0.4846
129 1 0 0 12.3150 0.4773
129 1 0 0 12.1900 0.4821
130 1 0 0 11.9420 0.4681
130 1 0 0 11.9210 0.4679
130 1 0 0 11.8140 0.4722
131 1 0 0 12.0070 0.5000
131 1 0 0 12.0970 0.5000
131 1 0 0 11.9260 0.5000
132 1 0 0 12.7570 0.4199
132 1 0 0 12.8140 0.4301
132 1 0 0 13.0140 0.4193
133 1 0 0 12.1510 0.4438
133 1 0 0 12.1460 0.4450
133 1 0 0 12.0790 0.4472
134 1 0 0 12.3450 0.4410
134 1 0 0 12.0440 0.4478
134 1 0 0 12.1440 0.4446
135 1 0 0 12.2650 0.4321
135 1 0 0 12.3230 0.4361
135 1 0 0 12.1260 0.4429
136 1 0 0 12.3130 0.4487
136 1 0 0 12.4280 0.4436
136 1 0 0 12.1700 0.4542
137 1 0 0 12.5120 0.4470
137 1 0 0 12.2990 0.4472
137 1 0 0 12.6240 0.4395
138 1 0 0 13.1010 0.5000
138 1 0 0 13.2180 0.5000
138 1 0 0 13.1290 0.4999
139 1 0 0 11.8110 0.4360
139 1 0 0 11.9680 0.4313
139 1 0 0 12.0480 0.4279
140 1 0 0 12.6180 0.4316
140 1 0 0 12.8870 0.4226
140 1 0 0 12.5720 0.4337
141 1 0 0 11.9070 0.4705
141 1 0 0 11.8980 0.4713
141 1 0 0 11.8770 0.4718
142 1 0 0 11.9100 0.4665
142 1 0 0 11.8600 0.4699
142 1 0 0 12.4170 0.4477
143 1 0 0 19.1340 0.2942
143 1 0 0 13.0980 0.4328
143 1 0 0 20.5310 0.2745
144 1 0 0 11.9750 0.4577
144 1 0 0 12.3880 0.4413
144 1 0 0 12.0250 0.4565
145 1 0 0 11.8400 0.4621
145 1 0 0 11.8320 0.4601
145 1 0 0 11.9920 0.4546
146 1 0 0 12.1660 0.4747
146 1 0 0 12.1270 0.4780
